-0.557114141479 0.866723567166 -0.390768514748 -0.017203777994 -0.033069193898 0.516534596949 0.057783322525 0.073648738428 -0.075463198779 -0.022964294596 -0.005500168793 -0.029908233989 -0.040579544531 0.005194105362 0.010756494187 0.022703946787 -0.207890450788 0.054953180834 -0.571318471000 0.023375766537 -0.033538841617 0.054675067935 -0.083849819854 0.128075379556 -0.053260596057 0.046273287800 0.013324495076 -0.061202126705 0.731859716115 -0.211748850787 -0.053721912309 -0.092824216265 0.030745036408 -0.017226741608 0.021052177175 0.078334856812 0.041440098201 -0.038167847441 -0.083694375958 0.002087268386 0.032513781136 -0.141304940608 0.015100015767 -0.046829407257 0.152561673330 -0.011345849809 0.081601285288 0.082497451152 0.048369253913 0.003141261503 0.365161458080 -0.032123628049 -0.013995180698 0.061413930153 0.043757834122 0.271173942106 -0.023165779162 0.053361874709 0.052872528585 0.036006554396 -0.133008650504 0.136481700775 -0.021635599248 -0.100475146379 0.086065213914 -0.159590460911 0.079306660089 -0.052776346461 0.102459271907 0.057612193705 -0.033765038167 0.020652718412 -0.046237466192 0.037553512612 0.109725010465 0.008683953579 0.040961161461 -0.225304216157 0.049678255173 0.147593132175 -0.538291860230 -0.004127246366 0.180294018656 0.097128772655 -0.024792761764 -0.214109233601 -0.007740742361 -0.132968980886 -0.038089202385 -0.118001442598 -0.094749167494 -0.117941851086 -0.088999119669 0.062159191240 -0.207580505545 0.063820029017 -0.080199422211 0.011880785713 -0.135823555165 0.118637695356 0.103632308895 -0.092085841053 0.033545292158 -0.004835847244 0.052776346461
0.866723567166 -1.508328332795 1.640297527090 0.427868566213 -0.265245627130 0.132622813565 -0.427214946943 -0.734100753601 0.553816912733 0.447812012759 -0.388182592075 0.613904171864 -0.000653619270 0.078556402209 -0.376433260940 -0.039685974138 2.099165036051 -1.106917596830 -0.145679411623 0.428522185482 0.548780304021 -1.912140118809 0.288786651471 -1.207407058735 -0.073676147084 0.335919460463 -0.582850566539 0.947345161053 -4.728788114195 1.418137843828 0.423452495227 0.674768814262 1.624461377819 0.575687363063 0.545643778388 -0.718712685871 0.181072185328 -1.127764446245 0.551422744779 1.113982202010 0.086992990199 1.293398047769 -0.652197979212 -0.713672986135 -0.803310788982 0.249293367131 1.374115834327 -1.119675521016 -0.698035110804 -0.667838945568 -0.212081296081 0.105274524508 -1.591287154529 -0.362091079100 -1.096710121786 -2.138197390919 0.738537350142 -0.328753371212 -1.061716184623 -0.147215718634 1.449121483615 -1.026442228611 0.431637849263 0.879226509978 0.219842995885 1.530571311094 -0.131144489063 0.793972646864 -0.869840681029 0.454777019414 0.769393007364 -0.688698122356 0.396390116193 -0.599307508798 -0.585378200704 0.202917392605 0.020753419403 1.359974066640 -0.694848591772 -1.581375712149 4.927806363690 -0.834757695367 0.106616520347 -1.884241742822 0.155101594168 0.357689678980 0.414793379469 1.088470984634 -0.235833091969 0.165030979406 -0.422760388490 0.698904979750 1.428494865247 -0.850043371678 1.059237509857 -1.583309972505 0.995314719591 0.118803148719 1.918128233165 -1.733543614244 -0.602690254883 1.315732311670 0.566512227553 -1.248749666278 -0.793972646864
-0.390768514748 1.640297527090 -2.272273109614 -0.405422005608 0.241207067776 0.379396466112 0.416794054243 0.770164980860 -0.620313023341 -0.430667461142 0.315410007593 -0.598673503762 -0.011372048635 -0.059327618257 0.471604468548 0.090011998015 -2.207695475553 1.050851816609 -0.771711587308 -0.394049956972 -0.601953654675 1.818802443822 -0.407754576037 1.308998525118 0.032022479170 -0.383138656405 0.650080753130 -0.880050408370 4.326226718577 -1.381730666298 -0.435538186357 -0.642106761916 -1.522107836091 -0.617985834885 -0.412508455777 0.766234631379 -0.220823830474 0.883627909319 -0.505632501230 -0.923406208993 -0.075221941146 -1.417149303228 0.541076142702 0.603473615476 0.955394428575 -0.298865855278 -1.020173357716 1.074795176262 0.645580134856 0.643371270558 0.343582784161 -0.043131586676 1.665975076019 0.420074205156 1.163653536847 2.309079522203 -0.627670132483 0.389249845259 1.029340964904 0.111023509414 -1.422346981610 0.991256637927 -0.340763556866 -0.880233128513 -0.147787341049 -1.558298877988 0.143308363032 -0.719876840809 0.706087076343 -0.558562360744 -0.664841814081 0.676745254133 -0.384515430808 0.613979108121 0.579340615904 -0.229463677313 -0.004927636478 -1.591397391706 0.800515164528 1.420507674793 -4.711353704236 0.754268825756 0.128951812173 1.812684396145 -0.173513285286 -0.266069911969 -0.368600567810 -1.160264433753 0.169341812751 -0.164620262843 0.377251018363 -0.746038147205 -1.389845371959 0.714509666866 -1.162125641764 1.467789332614 -0.969442443814 -0.134631401037 -1.833996295955 1.652087029063 0.712982856933 -1.210212274217 -0.443110104285 1.278439201553 0.719876840809
-0.017203777994 0.427868566213 -0.405422005607 -0.154413652985 -0.039650338599 0.019825169300 0.151792261679 0.037028947294 -0.145412878424 -0.009809946490 0.171885471150 -0.141497981204 0.002621391306 0.029356058124 0.313427613602 -0.017471818165 -0.635342736096 0.622065793329 0.047932200061 -0.157035044291 -0.177475340275 0.538650455199 -0.205311899784 0.269439041463 -0.016321434721 0.121895248940 0.138280943870 -0.180365095112 1.092494229122 -0.566890977885 -0.108911275101 -0.165683623514 -0.442401547571 -0.156003612468 -0.235350127668 0.218929751506 -0.098864088823 0.426039048931 -0.117982788856 -0.428121922757 -0.105494322512 -0.250135199904 0.221394237542 0.385738880809 0.147562728150 -0.201991149267 -0.822104439359 0.263934184760 0.197895308820 0.274491142080 -0.114283802369 0.056395569189 0.273131324505 0.187769620751 0.273390755296 0.615249526625 -0.324267168748 -0.087205855315 0.151307927694 0.122663480849 -0.266332023789 0.255440052465 -0.172462695621 -0.132776571616 0.007418349391 -0.227987213587 0.109688963157 -0.012865367313 0.183084590620 -0.194060441514 -0.338695352752 0.069260936502 -0.070038624557 0.019987699485 0.116410386497 0.050050925072 0.161010153638 -0.308454176043 0.342884775094 0.654729572408 -1.121710501845 0.178330041263 -0.490733067714 0.586114631541 -0.072086578022 -0.191280628068 -0.061468874151 -0.151712315591 0.073917414089 -0.083974147075 -0.057469274464 -0.017086224408 -0.378709233053 0.408887434607 -0.154285054309 0.567502059061 -0.174451251731 0.064294515672 -0.560399815459 0.316131238560 0.032400454017 -0.628696665759 -0.121142697641 0.206925808827 0.012865367313
-0.033069193898 -0.265245627130 0.241207067776 -0.039650338599 -0.009030634544 0.004515317272 0.068204215225 0.037584511169 -0.008967088171 -0.040108846213 0.067272415689 -0.045138902091 -0.028553876626 -0.014034678590 -0.084414713421 -0.027622077090 -0.099360011286 0.111018961056 0.346072527931 -0.011096461974 0.019634509037 0.148012742923 0.035118104712 0.026483913173 -0.011606928142 0.093492483741 -0.053905691514 -0.128496879388 1.134421111732 -0.248156028317 -0.041636221179 -0.125486268611 -0.071608505320 0.025071730214 -0.112083145436 0.030812911304 0.081191743347 0.205968689485 -0.129484619506 -0.188488724631 0.020742732083 -0.017553685148 0.126221852278 0.063369963402 0.000478033737 0.038226638338 -0.272341191322 0.127377795906 0.100824229861 0.027608936513 0.233659970000 -0.094266565881 -0.088683102187 0.003430804097 -0.023185580939 0.100291810822 -0.134032996821 -0.007134599338 0.085247748304 0.072198763616 -0.159783152509 0.171667291459 -0.112509891645 -0.099468527843 0.014009559078 -0.131862894017 0.067142786120 -0.126872152516 0.266212876593 0.161397535035 -0.138316231450 0.032605586635 -0.058112151577 0.022881913289 0.115762595265 0.035230238288 0.025135378536 0.006119108909 -0.055988317584 0.308461169530 -0.754744519683 0.076361623245 -0.055274313863 0.168686119333 -0.006381070647 -0.305729000612 -0.053933554019 -0.061175531768 0.028402076833 -0.118412159162 -0.049239797366 -0.070808683631 -0.127648612957 0.197692896052 -0.104692373639 0.179340668909 -0.106071697988 0.027709038031 -0.219955492375 0.200094280537 -0.006660293155 -0.197605878506 -0.089856831110 -0.034525382519 0.126872152516
0.516534596949 0.132622813565 0.379396466112 0.019825169300 0.004515317272 -0.502257658636 -0.034102107613 -0.018792255585 0.004483544086 0.020054423106 -0.033636207844 0.022569451046 0.014276938313 0.007017339295 0.042207356710 0.013811038545 0.049680005643 -0.055509480528 -0.173036263965 0.005548230987 -0.009817254518 -0.074006371461 -0.017559052356 -0.013241956586 0.005803464071 -0.046746241871 0.026952845757 0.064248439694 -0.567210555866 0.124078014159 0.020818110589 0.062743134305 0.035804252660 -0.012535865107 0.056041572718 -0.015406455652 -0.040595871674 -0.102984344743 0.064742309753 0.094244362315 -0.010371366042 0.008776842574 -0.063110926139 -0.031684981701 -0.000239016868 -0.019113319169 0.136170595661 -0.063688897953 -0.050412114930 -0.013804468257 -0.116829985000 0.047133282941 0.044341551094 -0.001715402048 0.011592790470 -0.050145905411 0.067016498410 0.003567299669 -0.042623874152 -0.036099381808 0.079891576254 -0.085833645730 0.056254945822 0.049734263922 -0.007004779539 0.065931447009 -0.033571393060 0.063436076258 -0.133106438296 -0.080698767518 0.069158115725 -0.016302793317 0.029056075788 -0.011440956644 -0.057881297632 -0.017615119144 -0.012567689268 -0.003059554454 0.027994158792 -0.154230584765 0.377372259842 -0.038180811622 0.027637156932 -0.084343059666 0.003190535323 0.152864500306 0.026966777010 0.030587765884 -0.014201038417 0.059206079581 0.024619898683 0.035404341815 0.063824306478 -0.098846448026 0.052346186819 -0.089670334454 0.053035848994 -0.013854519016 0.109977746187 -0.100047140269 0.003330146577 0.098802939253 0.044928415555 0.017262691259 -0.063436076258
0.057783322525 -0.427214946943 0.416794054243 0.151792261679 0.068204215225 -0.034102107613 -0.175473476592 -0.091885430137 0.216392533118 0.012719817979 -0.132749094513 0.148836764147 0.023681214912 -0.041567502781 -0.366391464499 -0.019043167167 0.793553181241 -0.621509493636 0.696422534905 0.128111046767 0.220831436411 -0.519319151673 0.306720771994 -0.384272464432 0.063778566706 -0.121422294869 -0.178558284703 0.177318782124 -1.257143389371 0.654561814514 0.141815076821 0.195764705473 0.375852258503 0.185766219183 0.158256377775 -0.281858152666 0.098019862296 -0.284886856747 0.136934855061 0.331790292056 0.083351907417 0.382663297937 -0.173383327170 -0.307224491851 -0.299885384612 0.232450318244 0.604332558410 -0.282742737958 -0.195852447803 -0.263827935326 -0.134047670711 -0.071405224080 -0.303477694901 -0.247468148855 -0.328741379888 -0.836277563321 0.280416449499 0.030276680937 -0.161556582126 -0.122570653437 0.319449098038 -0.306088107510 0.137843349046 0.183517454073 -0.086478783767 0.321646227489 -0.155424230186 0.002205637515 -0.152437424230 0.217147015326 0.303302275194 -0.073610861596 0.087220014961 -0.046100255453 -0.168254099330 -0.041119759508 -0.189403625831 0.536817946654 -0.420557189058 -0.648092119817 1.282630102233 -0.136021983274 0.282801892127 -0.598900344530 0.093688804463 0.252525361362 0.042242839502 0.254093530593 -0.021627173287 0.142769510092 0.127598543274 0.099623733679 0.403884046243 -0.372200177821 0.309519373035 -0.541651753624 0.201614824948 -0.062320782369 0.586245624436 -0.334721793648 -0.139362909490 0.621979567559 0.042668989928 -0.219352652842 -0.002205637515
0.073648738428 -0.734100753601 0.770164980860 0.037028947294 0.037584511169 -0.018792255585 -0.091885430137 -0.092440994013 0.079946742865 0.043018717702 -0.028136039051 0.052477685035 0.054856482844 0.001823233933 0.031450862523 -0.008892908243 0.257570456431 -0.110462661362 0.398282207034 -0.017827535550 0.023721587099 -0.128681439397 0.066290767498 -0.141317336142 0.059064060128 -0.093019529670 0.013628350681 0.125450566399 -1.299070271980 0.335826864946 0.074540022899 0.155567350570 0.005059216252 0.004690876501 0.034989395543 -0.093741312464 -0.082035969875 -0.064816497302 0.148436685711 0.092157093929 -0.042885147178 0.150081783182 -0.078210941906 0.015144425556 -0.152800690199 -0.007767469360 0.054569310373 -0.146186349105 -0.098781368844 -0.016945729760 -0.481991443080 0.079256910990 0.058336731792 -0.063129332201 -0.032165043653 -0.321319847518 0.090182277572 -0.049794575041 -0.095496402737 -0.072105936204 0.212900226758 -0.222315346505 0.077890545070 0.150209410300 -0.093069993453 0.225521907919 -0.112878053149 0.116212422719 -0.235565710203 -0.138310961223 0.102923153892 -0.036955511729 0.075293541980 -0.048994469257 -0.167606308098 -0.026299072723 -0.053528850730 0.222244661703 -0.021684096381 -0.301823716940 0.915664120072 -0.034053565256 -0.152656861725 -0.181471832322 0.027983297088 0.366973733907 0.034707519370 0.163556746770 0.023888163968 0.177207522179 0.119369066177 0.153346192902 0.152823426147 -0.161005639266 0.259926692365 -0.153490363471 0.133235271204 -0.025735304729 0.245801301352 -0.218684835624 -0.100302162318 0.190888780306 0.011383123397 0.022098538504 -0.116212422719
-0.075463198779 0.553816912733 -0.620313023341 -0.145412878424 -0.008967088171 0.004483544086 0.216392533118 0.079946742865 -0.291442488128 0.064354039378 0.152322376851 -0.257336363798 -0.070979654694 0.049910918851 0.334762029089 -0.006909498427 -1.020909349248 0.086040098638 -0.416112944973 -0.074433223730 -0.215980719548 0.702561607751 -0.315921793181 0.541869353499 0.078450115601 0.277461553296 0.150426725085 -0.250970040352 0.949462396812 -0.180586450032 -0.117030510991 -0.176945290872 -0.446104390615 -0.229358129529 -0.201251692026 0.402331114572 -0.092847939594 0.525045894660 -0.256419159804 -0.578109909834 -0.089819890602 -0.553917745917 0.293175035232 0.485643391648 0.346879416829 -0.228055390670 -0.323875021716 0.423817978064 0.314543896935 0.305500484289 0.189128221848 0.077735021167 0.290157534538 0.175036888868 0.307887995926 1.084979505515 -0.453974580527 -0.153873804119 0.192982324420 0.094861712683 -0.412800901002 0.352779949969 -0.124324667285 -0.257918237286 -0.019149591784 -0.281896155456 0.110971303829 -0.030328401653 0.144549118146 -0.246448151096 -0.257722593895 0.108063422820 -0.102004215658 0.111564706769 0.180446574821 -0.009560491111 0.076923769464 -0.637914423415 0.432928591762 0.520434958095 -1.189905144559 0.151546910760 -0.140383263536 0.639148759493 -0.071457965242 -0.119340319199 -0.083424698474 -0.303554466952 0.034350868776 -0.117955697750 0.028710082895 -0.193508349881 -0.372544169734 0.251926365567 -0.402948821495 0.474897477645 -0.219200257642 0.046819240896 -0.646133153413 0.442263855605 0.205051535243 -0.486334491853 -0.061395835243 0.276776552749 0.030328401653
-0.022964294596 0.447812012759 -0.430667461142 -0.009809946490 -0.040108846213 0.020054423106 0.012719817979 0.043018717702 0.064354039378 0.037201784315 0.052694108678 -0.051209481846 -0.002909871489 0.078598510080 0.340570499940 -0.042884162188 -0.768927785236 0.212834454168 -0.037788708952 -0.006900075000 -0.051047138406 -0.021662834489 -0.175394597377 -0.056028719720 -0.076672255045 -0.227061581561 0.132408642460 0.154923031022 0.758429614875 -0.057351362058 -0.164597397441 -0.115623340725 -0.197688013603 -0.084013958249 -0.097234558834 0.028043096083 -0.182290763093 0.294188895141 0.050826483199 -0.190767711329 -0.168085774052 0.086770544495 0.220680474665 0.230570146178 -0.054254865265 -0.097035346168 -0.610836930856 -0.014669210255 0.177818805111 0.186305943422 -0.252028643103 0.165546102843 0.379092926592 0.012557474538 0.111476764175 0.728953494538 -0.391676120206 -0.172460589331 0.014007697531 0.041152256484 -0.265255902058 0.194310409335 -0.086634488880 -0.153158152851 -0.041360987313 -0.097135261446 0.093402589751 0.041057551615 0.029131926205 -0.291806159680 -0.333297373413 0.124488551228 -0.053293743538 0.068065704175 0.059200493672 -0.014771960636 0.163396525043 -0.380161536519 0.306401823551 0.463981336813 -0.969767398400 0.194304316219 -0.166181141798 0.589972310926 -0.066864831777 0.083423868798 -0.045232917430 -0.243105086339 0.003923198820 -0.032444508107 0.056132947950 -0.017549607255 -0.477937772941 0.285168285229 -0.215601155875 0.541269801503 -0.243674860938 -0.012390802021 -0.529014229282 0.310738134455 0.133388495748 -0.537189140557 -0.046774957634 0.250748608064 -0.041057551615
-0.005500168793 -0.388182592075 0.315410007593 0.171885471150 0.067272415689 -0.033636207844 -0.132749094512 -0.028136039051 0.152322376851 0.052694108678 -0.525374048347 0.117719361891 -0.039136376638 -0.052242683067 -0.289230896641 0.353488577197 0.341632944991 -0.488480813879 0.194907338406 0.211021847788 0.248002034700 -0.355376878490 0.207370522878 0.083446838456 0.073505506725 -0.089701361104 -0.167234071208 0.397984639529 -1.045142389262 0.640116516881 0.101871221524 0.159630114415 0.150709752214 -0.144390155601 0.627822789381 -0.103667314271 -0.272589916530 -0.100437120624 0.191512125324 0.285182226101 0.042723997125 -0.286793325136 -0.049491016973 -0.229760143674 -0.171402285607 0.192331723557 0.776162359376 -0.198225773336 -0.047122911721 -0.201715077372 -0.000484490076 -0.028841512082 -0.262200751400 -0.263031767321 -0.135773055678 0.050992008844 0.053078637460 -0.098981066005 -0.170413470568 -0.124989993682 0.188775901807 -0.206089270953 0.153588671676 0.081099277271 -0.060809648905 0.265821925308 -0.120461073533 0.005757293753 -0.163947745370 0.174907836888 0.299377497003 -0.034598805835 0.053188657844 0.017324782139 -0.107706526441 -0.070513439982 -0.196997467341 0.249417930893 -0.327894106606 -0.602461384547 0.982386452057 -0.122574225428 0.483670769013 -0.465135154181 0.077801463679 0.243347246284 0.029875160857 0.110424315091 -0.057728990986 0.097177478451 0.131323088888 -0.014730501514 0.307241509957 -0.393314744052 0.103724715691 -0.486572331015 0.118033892286 -0.073077818702 0.441851559100 -0.217374579801 -0.005312069274 0.581687163839 0.085039773123 -0.180665130641 -0.005757293753
-0.029908233989 0.613904171864 -0.598673503762 -0.141497981204 -0.045138902091 0.022569451046 0.148836764147 0.052477685035 -0.257336363798 -0.051209481846 0.117719361891 -0.186303796692 -0.007338782944 0.082605934636 0.274583972262 0.023778619313 -0.797992328487 0.226035305084 -0.589057460024 -0.134159198260 -0.308773352296 0.689647910787 -0.243463472547 0.467418779803 -0.062119197982 0.072921144119 0.280774298792 -0.204297280732 0.736298589065 0.035315037640 -0.139706041179 -0.174732062968 -0.471074120481 -0.285349567697 0.004133721648 0.220528494765 -0.118604994090 0.157456708513 -0.052230273012 -0.207149936176 -0.038459282659 -0.469858059673 0.040996328008 0.167805021793 0.226666035890 -0.112708295882 -0.143750174503 0.252534626204 0.105636950287 0.207324860984 0.454202957564 0.054110227816 0.401839516086 0.271306319752 0.424711559865 0.829109730743 -0.086794393610 0.152657973159 0.237513278538 0.085545041444 -0.394305152306 0.337023832185 -0.085383401606 -0.251478790741 0.003049448038 -0.335129865664 0.134809741111 -0.040456911271 0.041537912170 -0.256062895152 -0.238161003634 0.094567139088 -0.089670839020 0.101731488384 0.181896412264 -0.012060649364 0.128577534146 -0.718536717820 0.515212722660 0.418184067209 -1.038729833589 0.088016610578 -0.018179297058 0.587703908040 -0.090602981351 -0.039691060140 -0.052223380214 -0.339204860210 -0.004044028911 -0.136432333005 0.009011201326 -0.201121410925 -0.357162917836 0.191784112167 -0.450895841107 0.402861903444 -0.181731478508 0.048259222477 -0.589326499934 0.394143512468 0.256698370487 -0.436183564674 0.012140520538 0.296519806423 0.040456911271
-0.040579544531 -0.000653619270 -0.011372048635 0.002621391306 -0.028553876626 0.014276938313 0.023681214912 0.054856482844 -0.070979654694 -0.002909871489 -0.039136376638 -0.007338782944 -0.026302606218 0.012211444657 0.052963850898 0.036514985332 -0.158210445145 -0.000556299693 0.255645265035 0.028923997523 -0.043356096136 -0.019331303526 -0.101408872210 0.114833422970 -0.047457131986 -0.000472954071 0.040277340833 0.003046312989 0.164649160249 -0.087670836628 -0.032903801720 -0.030081081959 0.066549289068 -0.029762606715 0.077093749893 0.062928401160 0.000844226527 -0.141152192184 -0.018952066205 0.096331630701 0.022142415095 -0.132528098034 -0.048010910372 -0.078514388958 0.152322656462 -0.030459168978 0.217771880949 0.018808553199 -0.002042861017 -0.010663206753 0.248331473080 0.015009654891 0.030346370396 0.059698528104 0.055350624592 0.221028036695 0.043850719249 0.056929174378 0.010248654433 -0.000092827412 -0.053117074249 0.050648055045 0.034619346574 -0.050740882457 0.079060434375 -0.093659013902 0.045735267029 0.010659729797 -0.030647166390 -0.023086573812 0.035393077558 0.004349925094 -0.017181390403 0.026112555968 0.051843712833 -0.008931165565 0.028393472193 -0.228363770612 0.077672413965 -0.006637452591 -0.160919600388 -0.042308057988 0.207931175588 0.012785712989 -0.021602226441 -0.061244733294 0.019226034649 -0.102381215002 -0.052290240802 -0.058795363017 -0.070129268811 -0.082537509271 -0.025174813190 -0.036687256786 -0.155234318726 -0.025850305437 -0.027163573217 -0.001973733302 -0.025845808977 0.018590555087 0.106962455473 0.006717098200 0.078473707713 0.012426844015 -0.010659729797
0.005194105362 0.078556402209 -0.059327618257 0.029356058124 -0.014034678590 0.007017339295 -0.041567502781 0.001823233933 0.049910918851 0.078598510080 -0.052242683067 0.082605934636 0.012211444657 -0.027003753265 0.176222205658 0.022886624943 0.103799158531 0.284455227496 -0.453437602812 0.017144613467 0.068307406849 -0.318341502037 -0.098375404160 -0.109630228544 0.009947559418 -0.044991332991 -0.048310322574 0.155475377996 -0.613576311426 0.558279176164 0.039527185537 0.104453626106 0.166830367298 0.074511618300 -0.050306953987 0.030516746598 -0.060606611553 -0.078538541252 0.044780037457 0.063848368751 -0.065635356841 0.104748446884 0.006165146884 0.076049506656 0.072741314986 -0.157968660700 -0.188241192584 -0.097169684152 -0.010608732345 0.028894137829 -0.553815256853 0.111561562145 -0.009678718997 -0.027268974994 -0.072784599038 -0.093123978245 -0.059589059068 -0.175800054758 -0.161204444716 -0.035173151623 0.234639206777 -0.202603016135 0.060049944204 0.167429864511 0.069419776650 0.145346532193 -0.046528297045 0.165123426272 -0.155313364532 -0.122481655210 0.073174959890 -0.053561864127 0.060562975635 -0.078513146220 -0.129404908199 0.017950170585 0.035690713149 0.175599662257 -0.038667216018 -0.078553116922 0.510844251040 -0.028356250549 -0.209348281205 -0.157489682843 0.003295247534 0.092894699390 0.063914094731 0.146286861384 -0.002730874635 0.112074982075 -0.087369947235 0.172306360877 0.080927484550 -0.017276830399 0.246068841711 -0.040550818729 0.086188351548 -0.013647478138 0.223036367872 -0.259515999357 -0.110675167842 0.011809875621 0.035047320643 -0.042641771062 -0.165123426272
0.010756494187 -0.376433260940 0.471604468547 0.313427613602 -0.084414713421 0.042207356710 -0.366391464499 0.031450862523 0.334762029089 0.340570499940 -0.289230896641 0.274583972262 0.052963850898 0.176222205658 0.547502252255 -0.024196716961 0.860394427205 -0.686469232708 -0.733111069878 0.260463762704 0.177061542958 -1.117945300606 -0.350940270090 -0.633542718312 0.005596505151 0.256516371492 0.010879272397 0.861388923229 -2.292045721413 1.440235275159 0.237170350691 0.456463240618 0.651997234305 0.069594632667 0.504598028027 -0.420349954377 -0.279898188703 -0.700412282105 0.617823803654 0.782836621531 -0.143598131268 0.679985717872 -0.391801332960 -0.333025082591 -0.493855900992 -0.246207563476 0.959135210225 -0.817197642419 -0.338841410683 -0.315609390523 -1.048189611833 0.188073602297 -0.669300390677 -0.268869035195 -0.348991340765 -0.937554995064 0.301167052590 -0.202022652375 -0.615154472201 -0.213511424614 0.992711860357 -0.808513464948 0.439532821291 0.595002040334 0.437450640055 0.499288896258 -0.147447727561 0.509658666408 -0.531819835793 0.007144826627 0.759556434644 -0.321585064111 0.231862440981 -0.264443812519 -0.399321989026 0.032581371537 -0.049939189238 0.612191225513 -0.551397625050 -1.032006974427 2.540508634454 -0.464754311626 0.408421663065 -1.322888895038 0.077212651066 0.004646572609 0.320497168957 0.521685562682 -0.217680720925 0.237694624539 -0.470032011592 0.374762108970 0.783943433862 -0.614190888319 0.643485515034 -0.988429836939 0.478936031683 -0.076124755911 1.413135792017 -1.218733257034 -0.232681870108 0.881444092596 0.429471762433 -0.516803493034 -0.509658666408
0.022703946787 -0.039685974138 0.090011998015 -0.017471818165 -0.027622077090 0.013811038545 -0.019043167167 -0.008892908243 -0.006909498427 -0.042884162188 0.353488577197 0.023778619313 0.036514985332 0.022886624943 -0.024196716961 -0.336016759032 1.293709791105 -0.133584979450 -0.242839538466 -0.053986803498 -0.070526694424 -0.183273576709 -0.002058623093 -0.352885879918 -0.057184072004 -0.032193887836 0.028953127338 -0.217619544417 -0.047351839861 -0.073225538996 0.007040053577 0.006053509099 0.291691795357 0.300393768069 -0.392472661713 -0.115262437235 0.371454005354 -0.325601928306 -0.073529336468 0.142939696656 0.062770325387 0.536928525040 -0.171903220569 -0.155978737136 0.023839557456 0.009659425710 0.045942079984 -0.065708411424 -0.150772397099 -0.072776064708 0.114768292445 -0.027554057107 -0.010930573105 0.075262146571 -0.137617699618 -0.666241535469 0.271188531288 0.186186921320 0.019105542875 0.002326512833 0.077556121982 -0.049350781512 0.018874023945 0.051677294345 0.053391299514 -0.037834711722 0.010772110376 0.007108073560 -0.019136845250 0.019152604626 0.039317855748 -0.034662130667 0.016849966714 -0.037312481624 -0.008703860056 0.020462514910 0.035987313704 0.059036245149 -0.014990668487 -0.052268187860 0.139324049788 -0.055755815835 0.007062298702 -0.120979477360 -0.005714885658 -0.052066618217 0.031593713294 0.041288000500 -0.016188423103 -0.013203331376 -0.073853814424 0.031816725922 0.071467723096 -0.015572690555 0.050560338618 -0.080929728047 0.056417359445 0.008783303030 0.118548256359 -0.098756658760 -0.027088384743 0.047009501919 0.036102924518 -0.026260678186 -0.007108073560
-0.207890450788 2.099165036051 -2.207695475553 -0.635342736096 -0.099360011286 0.049680005643 0.793553181241 0.257570456431 -1.020909349248 -0.768927785236 0.341632944991 -0.797992328487 -0.158210445145 0.103799158531 0.860394427205 1.293709791105 -3.843923840793 1.129575208639 -0.093323252829 -1.477132290951 -1.202667429265 2.046685987165 -0.746319806628 2.112611468840 -0.381165786546 0.184523896561 1.372368177497 -0.895683336312 4.145946899513 -1.627468373001 -0.309668880859 -0.636456906196 -1.956274056193 -1.037290832978 -0.402962634779 1.347605701584 -0.541008787143 2.231002505623 -0.715822180767 -2.321777239296 -0.272285065722 -2.274178972857 0.897332512816 2.023426144539 0.678703661803 -0.438673794322 -2.450550314807 1.487746351197 0.706799554815 1.719896739602 1.479828823712 -0.198294120003 1.748452401750 1.198228282020 2.169278417610 4.295844077043 -1.327828023683 0.251698474899 1.566920113723 0.629891214997 -1.547657439972 1.490394451750 -0.656056813514 -0.860503236753 0.146621598145 -1.923850581441 0.500476138061 -0.408602989576 0.626063385626 -0.769215746941 -1.141948601199 0.210308869573 -0.401116126775 0.238837136100 0.664985172724 0.162278990675 0.483750104036 -2.674306262255 2.475220143121 2.800707405204 -4.963183815882 0.553628652820 -2.130398683281 3.047912042655 -0.412918359277 -0.963492240974 -0.274235843942 -0.989952642763 0.348957055833 -0.351426824733 -0.308900588820 -0.531234448576 -1.683672604993 1.444150874797 -1.420605031046 2.427004471056 -0.605787723762 0.476845333646 -2.898862729327 1.573823038489 0.617364782516 -2.782659842111 -0.308626556803 1.177818736517 0.408602989576
0.054953180834 -1.106917596830 1.050851816608 0.622065793329 0.111018961056 -0.055509480528 -0.621509493636 -0.110462661362 0.086040098638 0.212834454168 -0.488480813879 0.226035305084 -0.000556299693 0.284455227496 -0.686469232708 -0.133584979450 1.129575208639 -0.726830611923 0.775598658251 0.622622093023 0.363885699288 -0.804142452220 0.540148612237 -0.445660383173 0.301196913063 -0.058412778461 -0.538674152452 0.447893330594 -0.923174201861 0.338620218375 -0.008828041634 0.164596001842 0.404616819155 0.075721356732 0.663700615418 -0.515703347219 -0.060337257949 -0.349219188079 0.310722116526 0.614537676721 0.145764320778 -0.015440942290 -0.191167948662 -0.998797297417 0.076069729243 0.196726715871 1.136897780754 -0.132000026216 -0.257856843765 -0.726860052766 -0.051892530651 0.027215317955 -0.399983245734 -0.759359887840 -0.699638620319 -1.262603888395 0.336375969747 0.150139899310 -0.438869759252 -0.291683870273 0.190682970840 -0.330680717582 0.214827773361 0.038996847309 -0.341328625107 0.660351381670 -0.188462290143 -0.092631684735 -0.101868231576 0.306995794256 0.227252717560 0.119847002690 0.077443329087 0.109751186903 -0.174691817628 -0.187194515991 -0.272172780678 0.792642939198 -0.947854030584 -1.081361924859 1.133183812346 -0.029157414442 1.306595034699 -0.742105642674 0.171249635408 0.640487188460 -0.019563511878 0.062766222657 -0.150418349379 0.114461143275 0.528523141098 -0.002406882576 0.260043273246 -0.594946825885 0.174413303408 -0.716364258276 -0.043817605849 -0.271533126220 0.668104495807 -0.113826873928 0.004581290644 1.027611640427 0.046516227271 -0.214364109520 0.092631684735
-0.571318471000 -0.145679411623 -0.771711587308 0.047932200061 0.346072527931 -0.173036263965 0.696422534904 0.398282207034 -0.416112944973 -0.037788708952 0.194907338406 -0.589057460024 0.255645265035 -0.453437602812 -0.733111069878 -0.242839538466 -0.093323252829 0.775598658251 1.858813478188 -0.207713064974 -0.481568484673 1.011615766273 -0.024807790846 0.762330866531 0.453569361532 -0.576224117606 0.290477390450 -0.856939942043 2.834358351005 -1.562654761553 -0.186049629358 -0.266010172725 -1.026364595192 -0.148425583780 -0.681386106744 0.600341156991 -0.091017629446 0.239051722427 -0.288241457639 -0.460133792333 0.013564125759 -0.913517913022 0.053595261973 0.577202616619 0.912166127925 0.895364630229 -1.042744678989 0.738917597740 0.419602673418 0.299789285247 0.140348330465 -0.084337190992 0.823475661879 -0.411066440446 0.393732236880 -0.405161550672 0.215614128821 0.219567908378 0.626846168975 -0.046716171884 -0.785729674287 0.422177111121 -0.268414787100 -0.468893283006 -0.479912478186 -0.679055848079 -0.141465536578 -0.616459348281 0.798909954781 -0.253564795638 -0.474349066067 0.532122157289 -0.204606991353 0.427760057493 0.161648072929 -0.223153066140 -0.276042393068 -0.053292116615 -0.173363585204 0.667782144403 -2.736529534802 0.716385414648 -0.042930113942 1.013499015903 0.034331964933 0.008517689341 -0.351168356214 -0.475115622122 0.235148861719 0.150092490069 0.703065544325 -0.280439039273 -0.880060305344 0.404316911559 -0.271487250813 0.909915018243 -0.685843544282 -0.215285766008 -1.004872062412 1.100860633271 0.166146530973 -0.512030490144 -0.578449917801 0.870024143919 0.616459348281
0.023375766537 0.428522185482 -0.394049956972 -0.157035044291 -0.011096461974 0.005548230987 0.128111046767 -0.017827535550 -0.074433223730 -0.006900075000 0.211021847788 -0.134159198260 0.028923997523 0.017144613467 0.260463762704 -0.053986803498 -1.477132290951 0.622622093023 -0.207713064974 -0.185959041814 -0.134119244140 0.557981758726 -0.103903027574 0.154605618493 0.031135697265 0.122368203011 0.098003603036 -0.183411408101 0.927845068874 -0.479220141257 -0.076007473381 -0.135602541554 -0.508950836639 -0.126241005753 -0.312443877561 0.156001350347 -0.099708315350 0.567191241114 -0.099030722652 -0.524453553458 -0.127636737606 -0.117607101870 0.269405147914 0.464253269768 -0.004759928312 -0.171531980289 -1.039876320309 0.245125631561 0.199938169837 0.285154348833 -0.362615275450 0.041385914298 0.242784954109 0.128071092646 0.218040130704 1.394221489930 -0.368117887997 -0.144135029693 0.141059273261 0.122756308261 -0.213214949540 0.204791997420 -0.207082042195 -0.082035689158 -0.071642084984 -0.134328199684 0.063953696128 -0.023525097110 0.213731757010 -0.170973867702 -0.374088430310 0.064911011407 -0.052857234154 -0.006124856483 0.064566673664 0.058982090637 0.132616681444 -0.080090405431 0.265212361129 0.661367024998 -0.960790901457 0.220638099251 -0.698664243302 0.573328918552 -0.050484351581 -0.130035894773 -0.080694908801 -0.049331100589 0.126207654891 -0.025178784057 0.012659994347 0.065451284863 -0.353534419862 0.445574691393 0.000949264417 0.593352364498 -0.147287678515 0.066268248974 -0.534554006482 0.297540683473 -0.074562001456 -0.635413763959 -0.199616405354 0.194498964811 0.023525097110
-0.033538841617 0.548780304021 -0.601953654675 -0.177475340275 0.019634509037 -0.009817254518 0.220831436411 0.023721587099 -0.215980719548 -0.051047138406 0.248002034700 -0.308773352296 -0.043356096136 0.068307406849 0.177061542958 -0.070526694424 -1.202667429265 0.363885699288 -0.481568484673 -0.134119244140 -0.511558356799 0.964910576902 -0.151479557588 0.454227377420 0.344686558549 0.229648658962 0.183441909898 -0.368518900136 1.204246873105 -0.350026859286 -0.112790527950 -0.316951171468 -0.699080488334 -0.263197968585 -0.243197094562 0.259967490341 -0.054858000381 0.588604553305 -0.246891124203 -0.546822919062 -0.068938081506 -0.434711681501 0.357610839951 0.302136931409 0.237944419848 -0.635494430653 -0.473270249915 0.461297381858 0.491306137364 0.421849830178 0.507935863967 -0.028955835783 0.320687398252 0.423616440913 0.341401554254 1.175496830976 -0.469905017592 0.140755665026 0.359820490702 0.197670028156 -0.658756529926 0.595303241504 -0.278047904850 -0.397633213347 -0.128337958926 -0.363907568764 0.145059087240 -0.161380872770 0.261646469549 -0.137215222859 -0.395753945568 0.132425036987 -0.164693596277 0.145446150266 0.329972284747 0.019247446011 0.052367969857 -0.776118507808 0.619730492269 0.784053693043 -1.597013893432 0.207914571492 -0.395593694593 0.885072973345 -0.085023592173 -0.165577069914 -0.176099724406 -0.356281383669 0.135311675349 -0.225314183537 0.109090512915 -0.323745952015 -0.378397612663 0.400404804252 -0.538788825595 0.611654271259 -0.237296492419 0.128698279591 -0.965328069641 0.739134406619 0.204608900671 -0.633224575010 -0.201960566174 0.298596095629 0.161380872770
0.054675067935 -1.912140118809 1.818802443821 0.538650455199 0.148012742923 -0.074006371461 -0.519319151673 -0.128681439397 0.702561607751 -0.021662834489 -0.355376878490 0.689647910787 -0.019331303526 -0.318341502037 -1.117945300606 -0.183273576709 2.046685987165 -0.804142452220 1.011615766273 0.557981758726 0.964910576902 -1.208316712269 0.930635347966 -0.575483095248 0.032328004292 -0.445299547289 -0.647899772739 0.692177438094 -3.040759285511 0.789896733874 0.414681059088 0.556029503926 1.210640786796 0.210594293060 0.817540443261 -0.532867451301 0.605253008161 -1.523621321957 0.048173546143 1.403062218953 0.167978649113 0.625283871990 -0.336711298260 -1.064635413357 -0.800935859579 0.671986051674 1.788295357984 -0.890625560424 -0.371674232454 -0.760253486258 -0.392534538508 -0.230961571025 -1.134219923889 -0.794581817788 -1.236351004681 -2.210628260349 0.485358643847 -0.182994256155 -0.667985076298 -0.337555613521 1.009643846656 -0.904600241589 0.434477064160 0.567044628069 -0.010025866154 0.944679258618 -0.388706519060 0.035706745140 -0.428389387169 0.889214442212 0.980662031472 -0.266668316166 0.240693776137 -0.163972304430 -0.453333492190 -0.076721471708 -0.517317457568 1.541996039793 -1.374889428469 -1.777220176977 3.521023382361 -0.454782085302 0.967881790072 -1.876949776625 0.266608702910 0.412440713294 0.175990515678 0.742566054691 -0.130614171235 0.334737532203 0.086747337861 0.273916008746 1.187882040281 -1.036458442726 0.861177289820 -1.613014205078 0.564861690204 -0.175930902422 1.822980789769 -1.106565297296 -0.399176266818 1.774579302921 0.207395256199 -0.924921187352 -0.035706745140
-0.083849819854 0.288786651471 -0.407754576037 -0.205311899784 0.035118104712 -0.017559052356 0.306720771994 0.066290767498 -0.315921793181 -0.175394597377 0.207370522878 -0.243463472547 -0.101408872210 -0.098375404160 -0.350940270090 -0.002058623093 -0.746319806628 0.540148612237 -0.024807790846 -0.103903027574 -0.151479557588 0.930635347966 0.060092701278 0.557326642634 -0.021743148230 0.659570279875 -0.103218482198 -0.703487040409 1.922016387585 -1.089603492446 -0.254922843914 -0.375047374973 -0.346640668269 -0.041620573084 -0.282989074121 0.326267372949 0.323018107604 0.512222082673 -0.541666104141 -0.619841459084 0.189438696602 -0.590429075318 0.244608031127 0.196140311123 0.332228709649 0.084645381494 -0.507462739110 0.648559648701 0.230785202517 0.175647965966 0.980267401624 -0.044687887985 0.608967417040 0.214736857035 0.135195850270 0.845670055745 -0.156578206736 0.151226188998 0.418858069923 0.121374458298 -0.795742905192 0.620982149686 -0.266781108392 -0.499607691388 -0.258868285839 -0.450030732710 0.150832318203 -0.334728836611 0.347401859697 -0.143531871038 -0.553080336520 0.290040948626 -0.185950422915 0.247978686416 0.332985112763 -0.062028263501 0.087002491413 -0.691150472103 0.449877185987 0.724769193373 -2.136951144326 0.338878840837 0.032443146315 1.001533355065 -0.080058333915 0.015556951853 -0.216076879889 -0.540897602035 0.083274632100 -0.217808674136 0.320896549340 -0.352951114054 -0.673469221564 0.410160840870 -0.637731852792 0.735033751032 -0.441554631651 0.006094265179 -1.068509710998 0.941149555286 0.312884916910 -0.640331329442 -0.231228983309 0.478260707649 0.334728836611
0.128075379556 -1.207407058735 1.308998525118 0.269439041463 0.026483913173 -0.013241956586 -0.384272464432 -0.141317336142 0.541869353499 -0.056028719720 0.083446838456 0.467418779803 0.114833422970 -0.109630228544 -0.633542718312 -0.352885879918 2.112611468840 -0.445660383173 0.762330866531 0.154605618493 0.454227377420 -0.575483095248 0.557326642634 -1.362174013221 -0.073514989623 -0.382576585251 -0.402247896538 0.237647776667 -1.733112825738 0.072045873396 0.263776605748 0.357730862939 1.208870306454 0.815101465296 -0.195354691335 -0.738122046572 0.582906939038 -1.008104531480 0.235120096348 0.928199542666 0.191049498647 1.560704330629 -0.506074583809 -0.809427150577 -0.549705895262 0.350423112263 0.513567276203 -0.742061015692 -0.570953244321 -0.585601409980 -0.528562886967 -0.159399306091 -0.702927623729 -0.371081062049 -0.870217255409 -2.580330771728 0.811957505425 0.187402752280 -0.411390060083 -0.178080241294 0.884662175290 -0.739154563666 0.228582092836 0.561074322372 0.069491443260 0.579191309398 -0.235008934564 0.077893386484 -0.205223875566 0.521663650874 0.535201453277 -0.237292692575 0.208525021392 -0.250608676777 -0.371046847141 0.042083655385 -0.169513989906 1.415487386384 -0.963131982909 -0.990887213164 2.367959027936 -0.295319337172 0.165624859296 -1.347832144893 0.156346060935 0.106964761123 0.167241791982 0.684047327662 -0.046495262968 0.241184699378 -0.111575098645 0.426446486728 0.801174810666 -0.459283168289 0.904405001221 -0.958689109135 0.457349095596 -0.086295160343 1.354007909706 -0.935164026832 -0.488838290472 0.969527558447 0.085358239223 -0.599557037358 -0.077893386484
